Subj	Age	Gender	SES	SISI_SCORE	Fusion_SCORE	MassAttendance	RelIDBASIC	Believe_God	God_Always_Never	GodCertainty_1	CatholicBelief_SCORE	CathMoral_SCORE	Rej_Church	Rej_The_Ath	CN_CR_TR_AR	CN_CR_NC	IntMorRej	RejFact_1_Catholicreligiousbeliefsdidntmakesenseorwereu	RejFact_2_TheCatholicChurchsmoralvaluesareoutofdateor	RejFact_3_Thebehaviourofpeoplearoundmewhocalledthemselve	RejFact_4_ThesexualabusescandalsintheCatholicChurch	RejFact_5_ThefeelingthattheCatholicChurchwantstocontrol	RejFact_6_Catholicismwasirrelevanttomylife	RejFact_7_Ilearnedmoreaboutatheisthumanistsecularideas	RejFact_8_BoredomwithCatholicreligiousservices	RejFact_9_Ilearnedmoreaboutotherreligiousorspiritualbeli	RejFact_10_PeoplearoundmemostlypractisedCatholicismoutof	RejFact_12_Ilearnedmoreaboutscience	ParentsCatholic	CRED_SCORE	CathInfGood_Bad	ChurchInfToday	Trust_1_Atheists	Trust_2_Priests	Trust_5_Bishops	ScEmo_1_Anger	ScEmo_2_Disgust	ScEmo_3_Contempt	ScEmo_4_Shame	ScEmo_Amusement	ScEmo_Sadness	ScEmo_Disbelief	ScEmo_Shock	ScEmo_Norealfeelingsaboutit	ScEmo_Vindication_Ialreadyknewthechurchwasbad	Paedo_%	CredDepl_1_GotoMass	CredDepl_2_GotoConfession	CredDepl_3_DonatemoneytotheChurchortoCatholiccharities	CredDepl_4_Gotothechurchtolightcandles	CredDepl_5_ReceiveashesonAshWednesday	CredDepl_6_Prayinfrontofotherpeople	CredDepl_7_Celebrateimportanteventsinmylifeormychildren	CredDepl_8_Blessmyselfwhilepassingachurch	CredDepl_9_GivesomethingupforLent	CredDepl_10_Confrontfamilymembersorpeopleinmycommunitywh	CredDepl_11_HidethefactthatIdidntreallybelieveinCathol	CredDepl_12_Noneoftheabove	Causes_1_Homosexualsjoiningthepriesthood	Causes_2_Paedophilesjoiningthepriesthood	Causes_3_Priestswerenottrainedaswellastheyusedtobe	Causes_4_IrishpeopleweretooobedienttoquestiontheChurchc	Causes_5_TheChurchcaredmoreaboutitsreputationthanaboutp	Causes_6_Priestlycelibacypriestsarenotallowedtomarry	Causes_7_Peoplewerelessawareofchildabuseinthepast	Causes_8_Peopleknewbutturnedablindeyetowhatwashappenin	Causes_9_TheChurchhadtoomuchpowerovertheState	Causes_10_Aresultofdecliningmoralsinsocietyingeneral	Causes_11_Theexploitationoftheissuebypeoplewhoareagains	Causes_12_OtherPleasesaywhatthisisintheboxbelow	Progressivism	MF_CUT	UrbRural	UrbRural_D	CSchool	SES2
1	1	2	3	22	29	5	1	1	1	6	26	18	1	2	2	2	3	4	4	4	3	4	4	3	2	3	4	4	2	32	4	5	7	2	9	 	 	 	 	 	 	 	 	 	 	 	0	0	0	0	0	0	0	0	0	0	0	0	 	 	 	 	 	 	 	 	 	 	 	 	 	CUT	1	1	3	5
2	5	1	3	10	15	2	2	0	3	2	9	12	0	0	0	0	 	 	 	 	 	 	 	 	 	 	 	 	1	36	3	5	4	6	7	1	3	4	8	6	5	10	2	9	7	20	1	0	1	0	0	0	1	0	0	0	0	0	5	6	6	5	5	6	3	6	7	3	3	4	 	CUT	1	1	1	5
4	4	1	4	21	17	2	2	1	1	5	19	21	1	2	3	3	2	5	6	7	7	7	3	3	4	3	6	4	1	36	3	3	3	4	5	3	2	1	6	9	5	7	8	10	4	30	1	1	1	0	1	0	0	0	0	0	0	0	7	7	5	7	7	7	4	7	7	6	3	1	-12	 	2	1	3	4
5	6	1	4	28	49	2	1	1	1	7	42	7	1	2	2	2	3	7	7	7	7	7	7	7	7	7	6	7	1	56	2	4	7	3	4	7	2	4	3	10	1	5	6	9	8	9	1	0	0	0	0	0	0	0	1	0	0	0	7	7	7	7	7	7	7	7	7	7	7	1	0	CUT	1	1	3	4
6	2	1	4	28	46	5	3	1	1	7	40	35	0	1	1	1	 	 	 	 	 	 	 	 	 	 	 	 	1	40	1	4	6	5	4	8	1	10	3	5	6	4	2	7	9	54	1	1	0	1	0	0	1	0	0	0	0	0	4	3	4	5	5	6	6	4	4	5	4	5	0	CUT	3	2	1	4
7	1	1	3	4	7	2	2	0	3	2	6	7	1	3	4	3	1	6	7	4	7	7	7	5	3	4	7	6	1	28	3	5	2	6	10	3	1	9	4	10	2	5	6	8	7	30	0	0	1	1	1	1	1	0	0	0	1	0	1	5	1	7	7	3	7	7	7	3	4	3	6	 	3	2	1	5
8	2	2	4	12	17	2	2	1	1	7	34	21	1	2	3	3	3	6	7	7	7	7	3	1	7	6	4	4	1	34	3	1	4	7	6	1	3	2	7	10	5	6	4	9	8	82	1	1	1	0	1	0	0	0	1	0	0	0	6	6	5	7	7	4	6	7	7	6	6	1	0	CUT	5	2	1	4
9	2	2	11	28	45	3	1	1	1	7	40	12	0	1	1	1	 	 	 	 	 	 	 	 	 	 	 	 	1	51	4	3	4	2	5	6	1	9	3	7	2	5	4	8	10	42	0	0	0	1	1	0	1	1	1	1	0	0	5	7	7	7	5	7	7	7	7	7	7	1	-20	 	2	1	1	 
10	3	1	3	18	16	1	1	1	1	7	25	7	0	1	1	1	 	 	 	 	 	 	 	 	 	 	 	 	1	36	2	4	9	3	6	6	2	7	3	8	1	4	5	10	9	12	0	0	0	0	0	0	0	1	0	1	0	0	4	7	7	4	7	1	2	7	4	7	4	7	-11	 	1	1	1	5
11	5	1	3	4	7	2	2	0	3	1	7	7	1	3	4	3	3	7	7	6	6	1	7	6	2	1	6	7	1	24	3	5	1	7	9	5	2	4	8	9	3	10	6	7	1	61	0	0	1	0	1	0	0	0	1	0	0	0	4	7	1	7	7	7	7	6	7	1	1	7	16	 	2	1	1	5
12	3	1	1	5	7	2	3	0	4	1	6	19	1	3	4	3	1	3	5	5	2	7	6	4	4	7	5	4	1	32	3	6	4	8	10	4	1	2	3	10	6	9	8	7	5	13	0	0	1	0	1	0	1	0	0	0	0	0	1	7	1	6	7	4	2	7	7	1	1	4	3	 	2	1	1	7
13	5	2	2	16	14	3	2	1	1	3	18	14	0	1	1	1	 	 	 	 	 	 	 	 	 	 	 	 	1	44	3	3	4	5	6	1	2	3	7	10	5	6	4	9	8	10	1	1	0	0	0	0	0	0	0	0	0	0	6	7	2	7	7	7	5	4	7	3	2	1	-7	 	2	1	1	6
14	1	1	6	7	7	3	2	0	3	2	6	25	1	3	4	3	2	6	5	5	7	6	5	2	4	4	5	4	1	40	2	2	8	7	6	2	3	9	10	6	5	4	1	8	7	19	1	1	1	0	0	0	0	1	0	0	0	0	6	6	6	5	5	4	4	6	6	5	5	6	0	CUT	5	2	1	 
15	1	2	2	4	7	2	2	1	1	7	9	16	1	2	3	3	3	5	7	6	7	7	4	3	3	7	7	4	4	 	3	4	1	9	10	4	2	8	5	7	3	6	9	10	1	72	0	0	1	0	0	0	0	1	0	0	0	0	7	7	4	7	7	7	5	6	7	7	3	1	-1	 	5	2	4	6
16	2	2	2	14	23	4	3	1	1	6	24	7	0	1	1	1	 	 	 	 	 	 	 	 	 	 	 	 	1	47	2	6	7	5	6	7	2	8	1	9	3	6	5	4	10	16	0	1	0	0	0	0	0	0	1	0	0	0	1	7	4	5	4	7	5	6	7	5	6	4	-10	 	3	2	1	6
17	3	2	8	7	7	2	2	1	1	4	6	7	1	2	2	2	3	3	7	5	6	5	6	4	5	6	3	2	1	38	3	2	5	4	6	2	1	4	7	10	5	6	3	9	8	15	0	0	0	0	0	0	0	0	0	0	1	0	1	7	4	7	7	1	5	7	7	2	3	4	14	 	4	2	1	2
18	4	1	9	13	14	2	3	1	1	5	8	8	1	2	2	2	3	7	7	6	4	7	7	4	1	4	4	4	1	50	3	5	5	7	10	2	1	3	5	10	4	7	8	9	6	82	1	1	1	0	1	0	0	0	0	0	0	0	1	4	2	4	1	1	2	3	7	2	3	1	-7	 	3	2	1	1
19	3	2	10	18	10	2	2	1	3	2	10	8	1	2	3	3	3	7	7	2	7	7	4	1	5	1	3	4	1	25	2	2	4	2	7	2	1	3	4	9	5	8	7	10	6	70	0	0	1	0	0	0	1	0	0	0	0	0	1	7	1	7	7	7	3	7	6	2	2	1	-1	 	3	2	1	 
20	4	2	2	28	39	5	1	1	1	7	40	25	0	1	1	1	 	 	 	 	 	 	 	 	 	 	 	 	1	39	2	4	4	1	6	6	1	2	7	10	4	3	5	9	8	14	0	0	0	0	0	0	0	0	0	1	0	0	2	6	4	4	5	4	4	7	6	4	4	1	-7	 	5	2	1	6
21	4	2	8	13	14	3	1	1	1	5	30	18	1	2	2	2	4	4	5	4	7	6	3	1	3	1	4	3	1	45	2	3	6	3	5	1	2	3	4	9	5	6	7	10	8	10	1	1	1	0	0	0	0	0	1	0	0	0	5	5	1	7	7	6	2	6	7	3	2	1	-13	 	3	2	1	2
22	3	2	3	4	7	1	2	0	3	3	6	7	1	3	4	3	3	7	7	4	4	7	7	4	5	7	4	7	2	23	3	3	2	9	10	1	3	4	2	10	6	7	5	9	8	10	0	0	0	0	0	0	0	0	0	0	0	1	1	7	1	7	7	1	1	7	7	1	1	 	24	 	1	1	1	5
23	5	1	5	28	47	5	1	1	1	7	40	12	0	1	1	1	 	 	 	 	 	 	 	 	 	 	 	 	1	47	1	6	6	2	4	2	3	4	6	10	1	7	5	8	9	10	0	1	1	0	1	0	0	0	1	0	0	0	2	7	7	7	5	7	6	7	6	7	7	1	-18	 	3	2	1	3
24	4	2	2	24	25	5	1	1	1	6	34	21	0	1	1	1	 	 	 	 	 	 	 	 	 	 	 	 	1	48	1	6	8	10	6	1	4	8	3	10	7	2	5	9	6	21	0	0	0	0	0	0	0	0	0	0	0	1	5	5	3	3	6	3	5	6	5	3	3	 	0	CUT	5	2	1	6
25	1	2	10	15	14	2	1	1	1	4	11	7	1	2	2	2	3	7	7	3	7	7	2	7	6	3	4	7	1	30	3	1	8	3	5	4	1	9	2	6	8	7	5	10	3	29	1	1	1	1	1	0	0	1	1	0	1	0	1	7	4	4	7	7	7	7	7	4	1	 	-7	 	4	2	1	 
26	4	2	2	9	7	1	2	0	3	3	7	7	1	3	4	3	3	6	6	6	6	6	7	2	6	7	7	7	1	38	2	2	5	8	7	4	1	2	6	10	3	8	7	9	5	31	0	1	0	0	0	0	0	0	0	0	1	0	7	7	2	7	5	7	6	7	6	5	4	 	-13	 	4	2	1	6
27	3	1	3	5	7	1	2	0	3	2	8	9	1	3	4	3	3	6	6	1	6	4	5	2	4	3	3	4	1	46	3	3	5	4	3	2	1	4	6	10	5	8	3	7	9	30	1	0	0	0	0	0	0	0	0	0	1	0	1	5	3	5	6	4	1	6	2	1	1	 	-17	 	2	1	1	5
28	3	1	4	6	7	2	2	0	3	3	24	10	1	3	4	3	1	5	5	5	5	5	5	5	5	5	5	4	1	12	3	3	7	4	5	6	1	5	7	8	3	4	2	10	9	15	1	1	1	0	0	0	0	0	0	0	0	0	1	6	2	7	7	1	1	7	7	3	6	1	0	CUT	1	1	1	4
29	2	2	6	14	12	4	1	1	1	6	22	7	1	2	2	2	2	3	7	4	7	1	3	1	7	1	4	6	1	47	4	4	5	10	9	3	1	7	4	10	6	5	2	9	8	52	1	0	1	0	0	0	0	0	0	0	0	0	7	7	4	7	7	7	7	7	7	4	7	 	-14	 	4	2	1	 
30	2	1	5	4	7	1	2	0	4	2	6	14	1	3	4	3	3	6	3	4	3	5	5	4	3	3	6	6	1	23	4	4	3	6	7	 	 	 	 	 	 	 	 	 	 	 	0	0	0	0	0	0	0	0	0	0	0	0	 	 	 	 	 	 	 	 	 	 	 	 	0	CUT	1	1	4	3
31	5	2	4	19	33	5	1	1	1	6	34	31	0	1	1	1	 	 	 	 	 	 	 	 	 	 	 	 	1	45	4	5	9	7	6	1	4	2	6	8	3	9	5	10	7	50	0	0	0	0	0	0	0	0	0	0	0	1	4	4	5	7	7	6	6	6	5	4	5	 	-12	 	2	1	1	4
32	5	1	3	28	45	6	1	1	1	7	42	25	0	1	1	1	 	 	 	 	 	 	 	 	 	 	 	 	1	50	1	5	7	1	5	1	4	5	6	8	2	7	3	9	10	22	0	0	0	0	0	0	0	0	0	0	0	1	4	3	4	6	6	7	5	6	5	5	3	 	-19	 	3	2	1	5
33	3	1	2	4	7	2	2	0	3	1	6	7	1	3	4	3	3	7	7	5	3	7	5	1	1	1	5	4	1	47	3	5	6	5	4	1	2	3	5	9	4	6	10	8	7	15	0	0	0	0	0	0	0	0	0	0	0	1	1	5	1	7	6	6	1	4	7	1	1	1	4	 	1	1	1	6
34	2	1	5	9	13	2	1	1	2	4	11	18	1	2	2	2	4	5	5	5	6	6	5	5	6	3	6	2	1	36	3	2	2	10	8	2	1	7	3	10	4	6	5	9	8	72	1	1	1	0	0	0	0	1	0	0	0	0	4	6	6	6	6	6	6	6	5	4	6	 	0	CUT	1	1	1	3
35	2	1	3	4	7	2	2	0	3	2	6	7	1	3	4	3	3	7	7	7	7	7	7	7	6	1	7	7	1	35	3	4	1	6	8	3	2	1	7	10	5	8	4	9	6	20	0	0	0	0	0	0	0	0	0	0	0	1	1	7	1	7	7	1	5	7	7	1	1	 	12	 	1	1	1	5
36	4	1	2	4	7	2	2	0	3	3	6	27	0	0	0	0	 	 	 	 	 	 	 	 	 	 	 	 	1	56	3	2	5	9	8	1	4	3	5	10	2	7	6	9	8	81	1	1	1	0	0	0	0	0	0	0	0	0	6	6	6	6	6	3	5	6	6	6	6	7	-17	 	4	2	1	6
37	2	2	3	9	7	2	2	0	3	2	8	7	1	3	4	3	3	5	6	4	5	5	5	2	5	2	5	2	1	12	3	4	4	7	6	5	1	6	2	10	3	4	7	9	8	78	1	0	1	0	0	0	0	0	0	0	1	0	2	5	4	6	4	5	5	6	6	3	3	 	-12	 	2	1	1	5
38	5	1	2	28	39	5	1	1	1	7	42	20	0	1	1	1	 	 	 	 	 	 	 	 	 	 	 	 	1	52	1	2	5	4	8	2	1	7	4	9	3	6	5	10	8	8	0	0	0	0	0	0	0	0	0	0	0	1	1	6	1	5	7	6	6	6	5	2	1	 	1	 	1	1	1	6
39	2	2	3	4	7	2	2	0	3	2	8	18	1	3	4	3	1	4	5	2	5	4	7	7	3	5	3	7	1	32	2	3	6	1	4	6	4	7	5	10	3	1	2	9	8	10	0	0	0	0	0	0	0	0	0	0	0	1	2	4	6	6	6	5	6	6	6	5	4	1	-1	 	3	2	1	5
40	4	1	3	4	7	2	2	0	3	4	9	10	0	0	0	0	 	 	 	 	 	 	 	 	 	 	 	 	1	29	3	5	4	5	7	3	2	4	6	9	5	8	7	10	1	1	0	0	0	0	0	0	0	0	0	0	0	1	6	7	4	7	7	7	6	2	7	4	4	4	-2	 	3	2	1	5
41	1	2	2	8	7	3	2	0	3	2	6	8	1	3	4	3	1	7	5	4	6	6	6	5	7	1	7	6	1	40	3	5	3	6	9	3	1	2	4	10	6	8	5	9	7	29	1	1	1	0	1	0	0	1	0	0	0	0	4	6	4	6	6	7	4	7	7	6	4	 	5	 	1	1	1	6
42	2	2	3	4	7	2	2	1	1	3	8	9	1	2	3	3	2	7	7	4	7	2	4	2	7	2	4	2	1	50	3	5	4	8	5	2	1	5	7	10	4	3	6	9	8	71	0	0	1	0	0	1	0	1	0	0	0	0	1	5	6	7	7	7	3	7	7	2	3	 	-3	 	2	1	1	5
43	3	1	2	26	27	5	1	1	1	7	36	29	0	1	1	1	 	 	 	 	 	 	 	 	 	 	 	 	1	32	2	3	9	3	6	2	1	3	4	10	6	8	5	7	9	19	0	0	1	0	0	0	0	0	0	0	0	0	7	7	2	7	5	7	6	7	6	1	3	 	3	 	1	1	1	6
44	3	2	8	17	20	2	1	1	1	7	23	16	0	1	1	1	 	 	 	 	 	 	 	 	 	 	 	 	1	25	3	2	7	2	9	5	3	8	4	9	6	7	2	10	1	48	1	1	1	0	0	1	0	0	1	0	1	0	4	7	5	5	6	6	6	5	6	4	4	1	-16	 	5	2	1	2
45	3	2	3	16	22	2	1	1	1	4	20	11	1	2	2	2	3	5	5	5	5	5	4	4	5	4	4	4	1	39	2	4	2	5	4	5	3	2	7	8	6	4	1	10	9	34	1	1	1	0	0	0	0	1	0	0	0	0	1	6	2	6	6	7	6	7	6	1	6	 	-17	 	3	2	1	5
46	2	1	1	18	15	2	3	1	1	6	21	19	0	1	1	1	 	 	 	 	 	 	 	 	 	 	 	 	1	34	2	2	6	5	8	5	1	3	7	10	2	6	4	9	8	5	1	1	1	1	1	0	1	1	1	1	0	0	2	1	2	6	7	4	7	5	7	3	1	 	-2	 	1	1	1	7
47	3	2	4	10	14	2	1	1	1	4	14	17	1	2	2	2	1	3	5	2	4	4	2	1	4	1	4	1	1	26	2	3	8	6	7	1	2	7	5	8	4	3	6	9	10	11	1	1	1	0	0	1	0	1	0	0	0	0	1	5	1	5	4	4	4	6	3	1	2	1	-8	 	2	1	1	4
48	3	2	2	16	15	2	1	1	1	7	25	7	1	2	2	2	2	7	7	7	7	4	4	7	7	7	7	4	1	35	3	1	6	7	8	7	3	5	2	10	4	6	1	9	8	64	1	1	0	0	0	0	0	1	0	0	0	0	4	7	1	7	7	1	7	7	7	6	7	 	-7	 	1	1	1	6
49	2	1	2	10	12	2	2	1	1	4	6	7	1	2	3	3	2	3	6	7	7	7	1	5	1	5	1	5	1	8	4	6	4	6	7	4	1	7	3	10	2	8	6	9	5	20	1	1	1	0	1	 	1	1	1	1	0	0	1	7	7	5	7	6	7	7	6	4	1	 	2	 	1	1	4	6
50	3	2	1	15	14	4	3	1	1	3	14	13	0	1	1	1	 	 	 	 	 	 	 	 	 	 	 	 	1	42	3	4	4	3	5	5	3	9	4	10	2	6	1	8	7	14	0	0	1	0	0	0	0	0	0	0	0	0	7	7	4	7	7	7	7	7	7	1	1	 	-7	 	2	1	1	7
51	4	2	9	20	15	4	1	1	1	7	36	7	1	2	2	2	3	3	5	6	5	4	4	3	4	3	4	2	1	38	1	3	8	5	7	1	2	5	9	10	3	7	6	8	4	25	1	0	0	0	0	0	0	0	0	0	0	0	2	2	2	6	6	4	4	6	6	2	6	 	-17	 	4	2	3	1
52	2	2	2	6	7	2	2	0	4	1	6	8	1	3	4	3	2	6	7	7	7	7	5	5	6	4	7	3	1	23	3	3	10	8	9	3	1	5	2	10	4	8	7	9	6	60	0	0	1	0	0	0	0	0	0	0	0	0	1	5	1	7	7	4	6	7	7	1	1	1	0	 	1	1	1	6
53	2	1	2	21	29	4	1	1	1	5	27	12	1	2	2	2	2	2	7	5	1	6	1	1	4	3	4	2	1	45	3	3	10	5	8	2	3	7	5	10	1	4	9	6	8	8	0	0	0	0	0	0	0	0	0	1	0	0	1	7	2	5	2	7	5	7	6	2	3	 	-7	 	3	2	1	6
54	3	1	2	24	31	2	1	1	2	5	26	17	0	1	1	1	 	 	 	 	 	 	 	 	 	 	 	 	1	46	1	5	7	2	6	 	 	 	 	 	 	 	 	 	 	 	0	0	0	0	0	0	0	0	0	0	0	0	 	 	 	 	 	 	 	 	 	 	 	 	0	CUT	1	1	4	6
55	4	2	3	14	14	3	2	1	1	5	15	10	1	2	3	3	2	4	7	7	7	4	4	5	7	7	7	3	1	47	3	7	2	6	7	2	1	3	6	9	5	8	4	10	7	51	0	1	0	0	1	0	1	1	1	0	0	0	7	7	5	7	7	7	5	7	7	5	5	 	0	CUT	2	1	1	5
56	4	1	10	12	12	2	1	1	1	5	24	11	1	2	2	2	2	2	6	2	5	5	4	1	4	1	4	2	1	49	2	3	6	7	8	5	2	1	3	10	7	4	8	9	6	32	0	0	0	0	0	0	0	0	0	0	0	1	4	1	2	6	2	6	6	6	3	2	3	 	-6	 	3	2	1	 
57	4	1	3	16	24	2	1	1	1	4	26	21	0	1	1	1	 	 	 	 	 	 	 	 	 	 	 	 	1	47	2	2	7	4	5	2	3	8	4	9	1	7	5	10	6	16	0	0	0	0	0	1	0	0	0	0	0	0	3	4	4	6	6	5	5	5	6	4	3	 	0	CUT	2	1	1	5
58	3	2	2	27	49	2	2	0	3	2	6	7	1	3	4	3	3	4	7	4	5	6	6	5	4	5	6	5	1	48	3	4	2	5	7	3	1	2	7	9	5	8	4	10	6	25	0	0	0	0	0	0	0	0	0	0	0	1	1	7	1	7	6	5	5	7	6	4	1	 	-9	 	1	1	1	6
59	4	2	3	23	32	5	3	1	1	6	29	29	0	1	1	1	 	 	 	 	 	 	 	 	 	 	 	 	1	42	2	4	3	2	4	2	1	3	6	10	5	4	7	8	9	10	0	0	0	0	0	0	0	0	0	0	0	1	7	7	4	7	7	6	6	7	7	3	7	1	-10	 	5	2	1	5
60	4	2	8	25	35	5	1	1	1	5	30	35	0	1	1	1	 	 	 	 	 	 	 	 	 	 	 	 	2	40	1	5	9	1	2	3	2	4	8	10	5	7	1	6	9	76	0	0	0	0	0	1	0	0	0	0	0	0	5	5	5	5	5	5	5	5	5	5	5	5	0	CUT	1	1	1	2
61	2	2	2	4	7	2	2	1	1	6	6	7	1	2	3	3	3	7	7	6	7	7	7	7	7	7	7	7	1	22	2	4	4	6	7	1	2	10	3	9	5	4	6	8	7	15	1	1	1	1	1	1	0	1	1	1	1	0	1	6	5	6	1	5	5	7	5	5	5	 	0	CUT	3	2	1	6
62	4	2	9	21	31	3	1	1	1	4	25	25	0	1	1	1	 	 	 	 	 	 	 	 	 	 	 	 	1	40	4	4	8	4	5	1	2	7	3	10	4	6	5	9	8	30	0	0	0	1	0	0	0	0	0	0	0	0	2	6	2	6	4	4	5	5	5	2	4	4	-11	 	1	1	1	1
63	3	1	2	23	30	3	1	1	2	5	25	40	0	1	1	1	 	 	 	 	 	 	 	 	 	 	 	 	1	34	1	5	6	2	1	5	1	7	4	9	3	6	2	8	10	3	0	0	0	0	0	0	0	0	0	0	0	1	6	6	3	7	4	3	2	6	6	4	7	 	-9	 	3	2	1	6
64	2	2	3	4	7	1	2	0	3	1	6	13	1	3	4	3	3	7	7	7	7	7	7	7	7	5	7	7	1	8	3	6	6	8	9	2	3	7	8	10	4	5	6	9	1	85	0	0	1	0	0	0	0	0	0	0	0	0	7	5	7	7	7	7	7	7	7	3	1	 	-13	 	3	2	4	5
65	2	2	2	22	31	5	1	1	1	6	37	33	0	1	1	1	 	 	 	 	 	 	 	 	 	 	 	 	1	37	1	5	7	1	3	1	5	8	3	10	2	4	6	9	7	11	0	0	0	0	0	0	0	0	0	1	0	0	2	6	4	7	4	7	5	7	5	6	5	2	-20	 	4	2	3	6
66	3	2	3	4	7	1	3	1	1	7	24	7	1	2	2	2	3	7	1	5	5	3	7	1	3	7	1	1	1	45	3	6	6	8	7	3	1	8	7	10	4	5	2	9	6	90	0	0	0	0	0	0	0	0	0	0	0	1	5	1	1	6	7	5	5	7	7	7	1	7	-23	 	3	2	4	5
67	2	2	4	4	7	1	2	0	4	1	6	7	1	3	4	3	3	7	7	7	7	7	7	7	7	1	7	7	1	27	3	4	1	9	10	3	2	1	8	9	5	7	6	10	4	51	0	0	0	0	0	0	0	0	0	0	0	1	1	7	1	7	7	7	7	7	7	1	1	1	20	 	3	2	1	4
68	3	1	5	4	7	1	2	0	3	1	6	7	1	3	4	3	3	7	7	7	1	7	7	1	7	1	7	7	1	34	3	3	1	8	9	2	1	4	8	10	3	6	5	7	9	81	0	0	0	0	0	0	0	0	0	0	0	1	6	7	3	7	7	3	3	7	7	3	2	 	-7	 	5	2	1	3
69	2	2	3	5	13	2	2	1	3	3	9	7	1	2	3	3	3	4	7	6	5	6	6	6	6	5	5	5	1	30	3	3	9	2	10	9	1	6	8	7	4	3	2	10	5	52	1	0	0	0	0	1	1	0	0	0	0	0	2	5	6	6	7	1	6	6	7	5	7	5	-7	 	2	1	3	5
70	2	1	2	28	43	3	3	1	2	7	33	23	1	2	2	2	3	5	3	7	7	5	2	4	2	5	4	6	1	38	1	4	6	3	5	5	2	4	6	10	1	7	3	8	9	4	1	0	0	0	0	0	0	0	0	0	0	0	1	7	1	7	7	7	1	7	7	5	5	 	-15	 	1	1	3	6
71	2	1	1	20	20	4	3	0	3	4	31	16	0	0	0	0	 	 	 	 	 	 	 	 	 	 	 	 	1	46	2	5	5	2	1	1	3	2	4	10	5	6	7	9	8	11	1	1	1	0	0	0	0	0	0	1	0	0	1	6	1	7	7	1	7	7	6	7	6	 	-12	 	3	2	1	7
72	3	1	2	18	19	4	1	1	1	7	12	22	1	2	2	2	3	4	4	4	1	4	4	4	1	4	4	4	1	33	1	5	6	2	5	6	5	4	3	9	1	7	2	10	8	11	0	0	0	0	0	0	0	0	0	0	0	1	4	7	4	3	4	4	4	4	3	4	5	 	-9	 	5	2	1	6
73	3	2	6	18	22	2	2	1	1	7	31	25	0	1	1	1	 	 	 	 	 	 	 	 	 	 	 	 	1	40	2	5	9	2	4	5	2	8	3	10	1	7	4	6	9	30	0	0	0	0	0	0	0	0	1	0	0	0	7	7	7	7	7	7	7	7	7	7	7	4	-8	 	5	2	1	 
74	3	2	2	28	48	5	1	1	1	6	29	9	1	2	2	2	2	2	5	4	6	5	1	5	2	5	5	4	1	56	1	4	5	3	7	3	1	2	7	10	6	5	4	8	9	18	0	0	0	0	0	0	0	0	0	0	0	1	1	7	4	4	2	6	6	5	4	4	5	 	0	CUT	1	1	1	6
75	4	2	3	28	44	5	1	1	1	7	42	43	0	1	1	1	 	 	 	 	 	 	 	 	 	 	 	 	1	49	1	4	8	1	2	2	6	7	5	10	3	4	1	9	8	15	0	0	0	0	0	0	0	0	0	0	0	1	5	5	4	5	4	5	5	6	3	5	6	1	-8	 	2	1	1	5
76	1	2	3	14	19	2	1	1	1	5	24	16	0	1	1	1	 	 	 	 	 	 	 	 	 	 	 	 	1	43	2	3	4	7	3	1	2	6	4	9	3	5	7	10	8	38	0	1	1	0	1	1	0	0	0	0	0	0	5	7	7	3	7	7	7	4	6	6	4	 	-13	 	3	2	1	5
77	3	2	3	6	7	1	2	0	3	2	6	7	1	3	4	3	2	7	6	6	5	6	6	1	4	2	6	1	1	49	3	3	2	8	9	5	1	4	8	10	2	6	3	9	7	5	0	0	1	0	0	0	0	0	0	0	0	0	1	4	1	7	6	4	4	6	6	1	2	 	-2	 	5	2	1	5
78	1	1	3	7	8	2	2	1	1	7	18	13	1	2	3	3	1	5	5	7	7	7	4	1	1	1	6	1	1	31	2	2	5	9	8	1	2	6	8	9	3	7	5	10	4	20	0	0	0	0	0	0	0	0	0	0	0	1	6	6	1	7	7	7	6	6	7	6	1	 	-9	 	1	1	4	5
79	2	2	4	28	38	5	3	1	1	7	39	37	0	1	1	1	 	 	 	 	 	 	 	 	 	 	 	 	1	32	2	5	7	4	6	3	1	9	4	7	8	5	2	6	10	9	1	1	1	1	0	1	1	1	0	0	0	0	6	6	5	4	4	6	4	4	4	4	4	1	0	CUT	3	2	2	4
80	4	2	4	11	11	3	1	1	1	4	17	26	1	2	2	2	2	3	4	5	4	3	2	2	5	5	6	2	1	33	2	2	7	1	2	3	1	6	5	10	2	4	8	9	7	10	1	1	1	0	0	0	0	1	0	0	0	0	5	6	5	7	7	6	6	6	7	3	5	 	0	CUT	2	1	1	4
81	4	1	2	25	23	4	1	1	1	6	28	19	0	1	1	1	 	 	 	 	 	 	 	 	 	 	 	 	1	51	2	5	6	4	3	4	1	5	2	9	3	8	7	10	6	15	1	1	0	0	0	0	0	0	0	0	0	0	5	5	5	4	5	6	3	6	6	5	3	6	1	 	3	2	3	6
82	3	1	4	14	22	4	1	1	1	5	26	15	0	1	1	1	 	 	 	 	 	 	 	 	 	 	 	 	1	47	1	4	4	2	5	6	3	2	4	8	1	7	5	10	9	1	0	1	0	0	1	0	0	0	0	0	0	0	6	6	3	6	5	6	6	7	7	7	6	 	0	CUT	4	2	1	4
83	3	2	3	4	7	2	2	1	2	4	6	7	1	2	3	3	3	7	7	7	7	1	1	1	1	1	4	3	1	42	4	4	4	9	10	2	6	4	7	10	1	5	3	8	9	20	0	0	0	0	0	0	0	0	0	0	0	1	1	1	1	1	1	1	1	1	1	1	1	1	-9	 	5	2	1	5
84	4	1	4	28	42	4	1	1	1	5	34	17	0	1	1	1	 	 	 	 	 	 	 	 	 	 	 	 	1	41	1	5	6	1	2	5	4	7	2	9	3	6	1	8	10	4	0	0	0	0	0	0	0	0	0	0	0	1	5	5	6	5	5	5	6	6	5	5	5	6	0	CUT	1	1	1	4
85	4	2	7	4	7	1	2	0	4	1	6	7	1	3	4	3	3	5	6	6	7	5	4	3	5	4	5	2	1	37	3	2	5	6	8	4	2	5	3	10	1	8	9	7	6	60	1	1	1	1	1	1	0	1	1	1	0	0	4	5	5	6	5	6	5	6	6	5	4	 	-15	 	5	2	1	 
86	4	1	2	18	16	2	3	1	1	4	12	25	0	1	1	1	 	 	 	 	 	 	 	 	 	 	 	 	1	41	2	2	1	4	6	5	2	6	3	10	4	7	1	8	9	9	0	1	1	0	0	0	0	0	0	1	0	0	7	7	3	7	7	4	6	6	7	3	2	7	-4	 	5	2	1	6
87	1	1	9	7	7	1	2	0	3	1	6	7	1	3	4	3	1	7	6	3	3	2	3	7	3	7	6	7	1	8	2	3	3	8	7	3	1	2	4	7	9	5	8	6	10	10	0	0	0	0	0	0	0	0	0	0	0	1	1	4	3	3	7	1	1	3	1	1	2	4	9	 	5	2	1	1
88	2	1	3	6	7	2	1	0	3	2	9	7	0	0	0	0	 	 	 	 	 	 	 	 	 	 	 	 	1	39	4	3	5	4	9	1	5	8	4	3	6	10	9	7	2	25	1	1	1	0	0	0	0	0	0	0	0	0	1	7	1	5	5	5	5	7	5	4	3	 	-22	 	3	2	1	5
89	5	2	5	4	7	1	3	1	1	4	6	10	1	2	2	2	2	7	7	7	7	7	7	4	4	1	4	1	1	52	3	7	2	9	10	4	2	1	7	10	3	8	6	9	5	81	1	1	1	0	1	0	1	1	1	0	0	0	1	7	4	7	7	7	4	7	7	1	4	 	14	 	5	2	1	3
91	1	2	2	4	7	1	2	0	4	1	6	7	1	3	4	3	3	5	6	6	7	7	7	5	6	5	1	4	1	9	3	1	2	7	8	4	2	6	1	10	5	7	8	9	3	4	0	0	0	0	0	0	0	0	0	0	0	1	2	1	1	7	5	3	6	4	7	4	1	 	-1	 	5	2	1	6
92	5	1	9	16	21	5	1	1	1	5	23	28	1	2	2	2	3	4	4	4	6	5	4	4	6	4	4	4	1	39	4	4	9	5	4	4	1	7	3	9	5	6	2	8	10	49	1	0	0	0	0	0	0	0	0	0	0	0	5	4	3	4	4	4	4	4	4	5	4	 	0	CUT	3	2	1	1
93	1	3	5	4	7	2	2	0	3	2	6	10	1	3	4	3	3	5	7	7	7	7	5	7	5	5	7	7	1	19	3	4	1	6	8	7	1	2	5	10	6	8	4	9	3	20	1	1	1	1	1	0	0	1	1	0	0	0	1	6	1	6	5	1	6	6	6	5	1	 	-3	 	3	2	1	3
94	1	2	4	9	10	4	3	1	1	6	17	19	1	2	2	2	2	4	7	7	7	5	1	1	1	7	5	7	1	29	2	1	4	7	8	4	2	9	1	10	6	3	5	8	7	58	1	1	0	1	0	0	0	0	1	0	0	0	7	7	7	7	5	7	7	7	7	4	4	 	0	CUT	4	2	1	4
95	3	1	2	6	8	2	2	0	3	2	6	13	1	3	4	3	1	7	2	6	2	5	4	6	5	5	5	7	1	30	1	3	1	6	7	2	1	6	7	8	3	5	4	9	10	10	0	0	1	0	0	0	0	0	0	0	0	0	1	6	2	6	7	4	2	7	6	1	1	 	1	 	4	2	1	6
96	5	2	4	16	18	2	1	1	1	6	29	12	1	2	2	2	2	4	1	6	3	4	1	1	6	4	6	1	1	45	2	3	2	5	6	2	3	8	5	7	6	4	1	9	10	25	0	0	0	0	0	0	0	0	0	0	0	1	1	7	2	7	3	7	5	7	5	7	4	 	-17	 	5	2	1	4
97	4	2	6	19	30	5	1	1	1	7	40	34	0	1	1	1	 	 	 	 	 	 	 	 	 	 	 	 	1	52	1	5	9	1	4	6	4	7	5	10	2	1	3	9	8	17	0	0	0	0	0	0	0	0	0	1	0	0	2	4	3	6	6	4	7	6	5	2	3	 	-12	 	5	2	1	 
98	1	2	6	26	39	5	1	1	1	7	31	26	0	1	1	1	 	 	 	 	 	 	 	 	 	 	 	 	1	50	2	5	8	5	6	4	1	8	7	10	5	3	2	9	6	30	0	0	0	0	0	0	0	0	0	0	0	1	3	4	2	6	4	1	3	5	2	3	4	 	-14	 	4	2	1	 
99	6	2	11	28	24	5	1	1	1	7	37	21	0	1	1	1	 	 	 	 	 	 	 	 	 	 	 	 	1	48	1	4	3	5	6	2	1	3	5	8	4	7	6	10	9	40	0	1	0	0	0	0	0	0	0	0	0	0	7	7	3	7	7	7	3	7	7	3	1	 	-14	 	4	2	1	 
100	6	2	11	11	15	5	2	1	1	7	22	30	0	1	1	1	 	 	 	 	 	 	 	 	 	 	 	 	1	42	2	4	8	3	5	1	5	4	2	10	3	6	7	9	8	6	0	1	0	0	0	0	0	0	0	0	0	0	6	4	6	6	6	4	6	6	4	5	6	6	0	CUT	5	2	1	 
101	3	1	3	6	8	2	2	0	3	2	6	7	1	3	4	3	3	1	7	4	4	7	7	2	4	1	7	4	1	25	3	3	3	7	8	2	9	3	10	7	5	6	4	8	1	10	0	0	0	0	0	0	0	0	0	1	0	0	1	7	1	7	7	6	3	5	7	1	3	7	-11	 	1	1	1	5
102	1	1	10	22	32	2	3	1	1	5	30	15	0	1	1	1	 	 	 	 	 	 	 	 	 	 	 	 	1	34	3	3	9	4	3	6	2	5	1	10	4	7	3	8	9	5	0	0	0	0	0	0	0	0	0	0	0	1	2	5	2	5	5	5	5	2	6	2	4	 	-22	 	2	1	1	 
103	4	1	4	23	29	4	1	1	1	5	33	26	0	1	1	1	 	 	 	 	 	 	 	 	 	 	 	 	1	48	4	4	9	1	2	6	3	7	4	10	5	1	2	8	9	32	0	1	0	0	0	0	0	0	0	0	0	0	4	4	3	6	4	6	4	5	5	4	4	 	-19	 	4	2	1	4
104	1	2	4	9	8	3	2	0	3	3	10	10	1	3	4	3	3	6	7	7	7	6	6	3	2	2	6	6	1	32	3	5	7	9	8	3	1	8	4	10	2	7	5	9	6	32	0	1	0	0	0	0	0	0	0	0	0	0	1	6	3	6	6	5	2	7	7	4	3	4	3	 	3	2	1	4
105	5	1	11	8	14	2	2	0	3	3	12	7	1	3	4	3	3	6	6	6	6	5	5	6	6	3	6	6	1	38	3	4	1	5	8	2	1	4	5	9	7	8	6	10	3	41	1	1	1	1	1	1	1	1	1	1	0	0	3	6	3	6	6	5	5	6	6	2	2	 	9	 	3	2	1	 
106	1	2	3	5	8	1	3	1	1	7	26	32	1	2	2	2	2	5	6	5	7	6	6	2	5	7	4	3	2	8	3	3	7	8	9	6	2	1	7	9	3	4	5	10	8	72	1	1	1	1	1	1	0	1	1	1	1	0	7	7	7	7	7	7	7	7	7	6	6	 	1	 	1	1	1	5
107	5	1	5	21	20	4	1	1	1	5	26	28	1	2	2	2	4	3	3	1	3	4	1	1	4	1	1	1	1	34	1	4	6	5	4	3	5	6	8	10	1	2	4	7	9	8	0	0	0	0	0	0	0	0	0	0	0	1	5	5	4	5	4	5	4	5	6	5	6	 	-12	 	5	2	1	3
108	4	1	4	14	17	3	1	1	1	5	18	15	1	2	2	2	2	3	5	3	6	3	3	2	4	2	5	3	1	26	3	5	2	5	6	4	2	6	8	10	3	5	1	9	7	18	0	1	1	0	0	1	0	0	0	0	0	0	4	5	4	3	5	3	3	6	5	5	4	 	-12	 	1	1	1	4
109	4	2	3	10	29	5	1	1	1	7	36	34	1	2	2	2	4	7	7	7	7	7	4	1	4	4	5	4	1	56	3	1	1	4	5	7	1	5	4	9	6	8	3	10	2	90	0	0	1	0	0	0	0	0	1	0	0	0	1	7	7	7	7	7	7	7	7	7	7	7	0	CUT	5	2	1	5
110	2	1	5	7	7	1	2	0	4	1	6	7	0	0	0	0	 	 	 	 	 	 	 	 	 	 	 	 	1	12	2	7	10	8	6	10	4	6	5	3	7	2	8	1	9	74	0	0	0	0	0	0	0	0	0	0	0	1	1	7	6	7	7	7	7	7	7	5	6	 	6	 	3	2	3	3
111	3	2	4	4	7	2	2	1	3	3	6	7	1	2	3	3	2	5	7	5	5	7	6	2	5	2	2	7	3	18	3	6	6	9	8	2	1	6	4	10	5	8	7	9	3	70	0	0	0	0	1	0	1	0	0	0	0	0	2	7	3	7	7	2	6	7	7	3	5	 	-1	 	2	1	1	4
112	2	2	4	21	21	3	3	1	1	7	37	23	1	2	2	2	4	4	4	4	4	4	4	4	4	4	4	4	1	35	2	4	5	6	7	3	5	7	4	10	2	6	1	9	8	20	0	0	0	0	0	0	0	0	0	0	0	1	4	4	4	6	6	4	6	6	6	6	5	4	-6	 	3	2	3	4
113	6	1	11	28	47	6	3	1	1	7	42	32	0	1	1	1	 	 	 	 	 	 	 	 	 	 	 	 	1	52	1	5	6	4	1	7	2	5	4	10	6	3	1	8	9	4	0	0	0	0	0	0	0	0	0	0	0	1	7	6	3	2	1	1	4	3	1	7	7	 	-20	 	5	2	1	 
114	6	2	8	28	49	6	1	1	1	7	42	31	0	1	1	1	 	 	 	 	 	 	 	 	 	 	 	 	1	56	1	7	6	5	7	7	1	9	6	4	8	10	3	5	2	99	0	1	0	0	1	1	0	1	1	0	0	0	4	4	4	4	7	4	4	4	4	4	4	4	0	CUT	5	2	1	2
115	4	1	4	24	31	4	1	1	1	6	35	18	0	1	1	1	 	 	 	 	 	 	 	 	 	 	 	 	1	41	2	3	7	4	5	1	2	8	4	9	3	6	5	10	7	5	0	0	0	0	0	1	0	0	0	1	0	0	2	6	4	6	6	6	6	6	6	5	6	 	-18	 	5	2	1	4
116	5	1	11	12	21	3	3	1	1	6	21	7	1	2	2	2	2	5	5	6	5	5	5	4	3	3	3	3	1	52	1	6	6	1	3	3	5	9	1	10	2	7	6	8	4	9	0	0	0	1	0	0	0	0	0	0	0	0	7	5	6	6	5	7	7	7	4	5	5	 	0	CUT	1	1	1	 
117	5	1	2	5	7	5	3	1	1	6	19	17	1	2	2	2	3	2	5	7	7	6	4	1	7	1	7	1	1	34	2	3	3	5	6	2	1	3	5	10	4	7	6	9	8	60	0	1	0	0	0	0	0	0	0	0	0	0	3	7	1	7	7	6	3	6	7	5	3	1	-4	 	5	2	1	6
118	5	1	4	8	11	2	3	1	1	4	27	7	1	2	2	2	3	5	7	1	7	7	5	4	4	7	5	4	1	45	3	5	2	6	9	1	2	3	4	10	6	7	5	9	8	60	1	1	1	1	1	0	0	0	1	0	0	0	1	7	4	7	7	1	4	4	7	4	4	 	4	 	5	2	1	4
119	3	1	4	6	9	2	2	1	2	4	13	9	0	1	1	1	 	 	 	 	 	 	 	 	 	 	 	 	1	27	3	5	3	5	6	3	1	9	2	10	5	8	4	7	6	30	1	1	0	0	1	1	0	1	0	0	0	0	4	3	5	4	6	4	4	5	4	4	4	 	0	CUT	3	2	3	4
120	3	1	4	16	17	3	2	1	1	6	18	18	1	2	3	3	2	4	6	5	5	3	3	6	3	4	4	6	1	18	2	3	4	7	5	1	2	6	3	10	4	5	8	9	7	15	0	0	0	0	0	0	0	0	0	0	0	1	5	4	4	4	6	5	6	6	5	5	4	 	-12	 	5	2	1	4
121	3	1	9	27	40	5	1	1	1	7	37	42	0	1	1	1	 	 	 	 	 	 	 	 	 	 	 	 	1	44	1	5	7	1	4	3	5	9	4	7	2	1	6	10	8	10	0	0	0	0	0	1	0	0	0	0	0	0	6	6	6	5	7	5	6	6	5	6	5	 	0	CUT	3	2	3	1
122	5	1	9	9	15	2	2	0	1	4	24	16	0	0	0	0	 	 	 	 	 	 	 	 	 	 	 	 	1	30	1	4	3	9	8	4	3	5	2	9	8	6	7	10	1	19	1	1	1	1	1	0	0	1	1	0	0	0	7	7	1	5	5	4	6	4	6	3	2	 	-18	 	1	1	1	1
123	5	2	4	24	30	4	1	1	1	4	20	15	1	2	2	2	3	4	4	6	6	5	3	5	4	5	5	5	1	46	2	3	2	4	6	1	3	5	2	10	4	6	8	9	7	42	0	0	0	0	0	0	0	0	0	0	0	1	5	6	5	7	7	5	5	5	7	3	3	 	-8	 	1	1	1	4
124	6	1	2	4	7	1	2	0	3	1	6	19	1	3	4	3	2	7	7	7	7	7	7	1	7	1	1	1	1	38	3	2	3	9	10	4	8	2	3	6	7	5	10	9	1	29	0	0	0	0	0	0	0	0	0	0	0	1	7	1	1	7	7	7	7	7	7	1	1	7	-25	 	1	1	4	6
126	1	2	4	24	15	2	2	1	2	4	19	28	0	1	1	1	 	 	 	 	 	 	 	 	 	 	 	 	1	15	3	4	8	3	2	2	6	7	4	8	3	5	1	10	9	20	0	1	1	0	0	0	0	0	0	0	0	0	7	7	1	7	4	7	7	7	7	7	1	7	-14	 	3	2	1	4
127	6	1	4	7	7	3	2	0	3	4	7	12	1	3	4	3	3	1	1	5	1	1	2	1	1	1	3	1	1	53	3	3	1	8	9	3	1	5	4	10	7	2	6	8	9	20	1	1	1	1	1	1	0	1	1	0	0	0	7	7	7	7	7	7	7	7	7	1	7	7	0	CUT	5	2	1	4
128	4	2	4	25	30	4	1	1	1	7	32	35	0	1	1	1	 	 	 	 	 	 	 	 	 	 	 	 	1	36	1	3	7	3	5	5	6	3	1	10	7	4	2	9	8	11	0	0	0	0	0	0	0	0	0	0	0	1	4	4	4	4	7	4	7	7	4	4	7	1	4	 	1	1	1	4
129	4	2	5	28	22	6	1	1	1	7	40	24	1	2	2	2	3	4	5	1	7	1	1	4	1	4	1	3	1	47	2	2	6	2	7	6	3	7	1	10	2	4	5	9	8	30	0	0	1	0	0	0	0	0	0	0	0	0	1	7	6	6	4	7	7	4	4	4	4	 	-9	 	5	2	1	3
130	1	2	4	11	13	2	3	1	1	4	18	9	1	2	2	2	2	4	6	5	6	6	4	3	3	4	3	5	1	31	3	2	4	9	8	1	2	4	8	10	3	6	5	9	7	40	1	0	1	0	0	0	0	1	1	0	0	0	6	6	3	6	7	6	5	7	6	4	4	 	-12	 	3	2	1	4
131	5	1	11	28	7	2	2	0	4	1	6	7	1	3	4	3	3	7	7	7	1	7	7	7	7	1	7	7	1	43	3	7	1	8	9	2	4	1	8	10	5	6	7	9	3	21	0	0	0	0	0	0	0	0	0	0	0	1	1	5	2	7	7	4	2	7	7	1	1	 	-8	 	2	1	1	 
132	4	1	5	21	28	4	1	1	1	7	36	21	0	1	1	1	 	 	 	 	 	 	 	 	 	 	 	 	1	36	2	4	9	2	4	3	2	6	1	9	4	8	5	10	7	10	0	0	0	0	0	0	0	0	0	0	0	1	4	7	4	4	4	4	4	7	4	4	4	7	0	CUT	1	1	1	3
133	1	2	5	19	22	2	1	1	2	4	30	10	1	2	2	2	3	1	7	3	7	6	1	7	5	6	5	1	1	29	1	4	8	5	3	2	7	3	1	10	8	6	5	9	4	24	0	0	1	0	0	0	0	0	0	1	1	0	1	7	7	5	6	1	7	7	6	5	6	 	-5	 	5	2	1	3
134	2	1	5	4	7	1	2	1	1	6	21	10	1	2	3	3	1	5	5	5	6	4	5	5	6	4	6	5	1	43	2	5	3	5	6	5	8	6	3	4	7	2	10	1	9	6	1	1	0	1	1	1	0	1	0	0	0	0	4	7	5	7	7	7	7	7	7	6	4	 	-12	 	2	1	1	3
135	5	1	11	17	22	2	3	1	1	6	30	13	1	2	2	2	4	4	7	6	7	6	4	4	6	5	5	5	1	51	3	5	7	5	6	1	2	4	5	10	3	9	7	8	6	30	0	1	1	0	1	0	0	0	1	0	0	0	4	6	6	7	6	7	7	4	6	5	4	 	-12	 	1	1	3	 
136	6	1	11	28	46	6	1	1	1	7	42	48	0	1	1	1	 	 	 	 	 	 	 	 	 	 	 	 	2	54	1	7	9	2	1	8	9	6	7	10	1	4	3	2	5	8	0	0	0	0	0	0	0	0	0	0	0	1	7	7	7	6	6	5	7	6	3	7	5	 	-24	 	3	2	1	 
137	6	1	11	26	35	2	3	1	1	6	27	35	0	1	1	1	 	 	 	 	 	 	 	 	 	 	 	 	1	43	2	4	8	1	7	2	1	4	3	5	9	8	10	7	6	27	0	0	0	1	1	1	1	1	0	0	0	0	4	5	5	5	5	4	5	4	5	4	4	4	0	CUT	3	2	1	 
138	3	2	5	7	7	1	2	0	3	1	9	15	0	0	0	0	 	 	 	 	 	 	 	 	 	 	 	 	1	30	2	2	2	9	8	2	1	5	4	7	8	6	3	10	9	100	1	1	1	1	1	1	1	1	1	1	1	0	7	7	4	7	7	7	7	7	7	1	7	 	0	CUT	3	2	1	3
139	3	1	5	26	35	4	1	1	1	6	39	30	0	1	1	1	 	 	 	 	 	 	 	 	 	 	 	 	1	40	2	5	7	2	4	2	1	9	5	7	4	3	6	10	8	8	0	0	0	0	0	0	0	0	0	0	0	1	2	7	1	7	6	7	6	6	1	5	3	 	-15	 	1	1	1	3
140	4	1	9	20	32	2	2	1	1	5	26	21	0	1	1	1	 	 	 	 	 	 	 	 	 	 	 	 	1	54	1	3	8	5	2	2	8	4	5	10	3	7	6	9	1	4	0	1	1	0	0	1	0	0	0	0	0	0	7	7	2	5	6	7	6	6	5	3	4	 	-13	 	3	2	1	1
141	3	1	9	16	8	3	2	1	1	2	16	28	0	1	1	1	 	 	 	 	 	 	 	 	 	 	 	 	1	41	4	4	5	6	8	3	1	7	6	8	4	9	2	10	5	25	1	1	1	0	0	0	0	0	0	0	0	0	4	7	7	7	1	5	6	7	7	7	7	4	-21	 	1	1	1	1
142	5	1	2	14	13	2	1	0	3	3	11	19	0	0	0	0	 	 	 	 	 	 	 	 	 	 	 	 	1	32	2	4	5	4	6	7	3	1	6	9	2	5	4	10	8	18	0	0	1	1	0	1	0	0	1	0	0	0	1	6	2	7	7	2	4	7	7	2	1	 	-13	 	1	1	1	6
143	4	1	9	21	18	3	1	1	1	3	15	26	0	1	1	1	 	 	 	 	 	 	 	 	 	 	 	 	1	31	2	3	4	5	1	2	10	5	4	6	8	7	9	3	1	10	0	0	0	0	0	1	1	1	0	0	0	0	3	6	5	4	7	1	7	6	1	7	4	 	-14	 	1	1	1	1
144	5	2	1	28	28	2	3	1	1	4	22	13	1	2	2	2	1	7	7	7	7	7	5	7	7	7	7	7	1	31	3	3	2	10	9	5	1	8	3	7	9	6	2	10	4	94	0	0	0	1	0	0	0	1	0	0	0	0	7	7	7	7	7	7	5	7	7	7	5	1	0	CUT	3	2	4	7
145	2	2	4	13	14	3	1	1	1	4	19	9	1	2	2	2	2	3	6	4	3	6	5	5	5	3	3	2	1	32	2	2	7	5	6	9	7	3	8	10	1	4	2	6	5	72	1	0	0	0	0	0	0	0	0	0	0	0	6	6	2	5	4	7	4	4	6	5	5	 	0	CUT	4	2	1	4
146	1	2	9	4	7	1	2	1	1	3	10	7	1	2	3	3	3	2	7	7	7	7	7	7	7	4	7	1	4	 	4	4	3	6	7	1	2	4	5	10	3	6	7	9	8	38	1	1	1	1	1	0	1	1	1	1	1	0	1	2	1	4	4	4	2	2	1	1	1	 	21	 	5	2	1	1
147	6	2	11	28	46	5	1	1	1	7	36	34	0	1	1	1	 	 	 	 	 	 	 	 	 	 	 	 	1	48	1	5	7	1	2	1	8	6	4	9	2	5	3	7	10	4	0	0	0	0	0	0	0	0	0	0	0	1	2	7	2	4	4	2	5	5	4	1	5	 	-12	 	4	2	1	 
148	3	1	2	4	7	1	2	0	4	1	6	7	1	3	4	3	3	7	7	7	7	7	7	7	7	1	7	7	1	14	3	7	1	9	10	1	3	5	4	9	2	10	6	8	7	80	0	0	0	0	0	0	0	0	0	0	0	1	7	7	7	7	7	7	7	7	7	7	7	 	-6	 	5	2	3	6
149	2	1	5	4	7	1	2	0	4	1	6	7	1	3	4	3	3	7	7	6	7	7	7	4	7	1	2	2	1	24	2	3	3	10	5	3	2	8	1	7	4	10	6	9	5	61	0	0	0	0	0	0	0	0	0	0	0	1	3	7	3	4	6	7	2	7	7	7	7	 	0	CUT	3	2	4	3
150	4	1	11	5	7	2	2	0	3	2	6	7	1	3	4	3	3	4	6	6	7	7	6	4	4	4	7	3	1	25	3	2	1	8	9	4	2	3	5	7	6	9	8	10	1	60	1	1	1	0	1	1	0	1	1	0	0	0	1	7	1	4	7	7	5	7	7	5	7	1	-5	 	3	2	1	 
152	3	1	4	27	26	3	1	1	1	6	33	23	0	1	1	1	 	 	 	 	 	 	 	 	 	 	 	 	1	47	2	3	6	1	2	1	2	9	4	10	5	6	3	8	7	3	1	1	0	0	0	0	0	0	0	0	0	0	2	6	3	6	6	6	5	6	6	3	5	 	-1	 	4	2	1	4
154	6	1	11	28	39	5	1	1	1	7	42	41	0	1	1	1	 	 	 	 	 	 	 	 	 	 	 	 	1	41	1	3	9	1	2	3	2	7	4	10	1	6	5	9	8	10	0	0	0	0	0	0	0	0	0	0	0	1	2	3	7	6	6	7	4	6	6	4	3	1	2	 	2	1	1	 
155	5	2	11	10	9	2	3	1	1	3	30	15	0	1	1	1	 	 	 	 	 	 	 	 	 	 	 	 	1	56	2	2	5	8	7	2	1	3	4	8	7	6	5	9	10	66	1	1	1	0	0	0	0	0	0	0	0	0	3	6	2	7	7	7	5	5	7	6	4	 	-18	 	5	2	1	 
156	5	1	2	4	7	1	2	0	3	1	6	7	1	3	4	3	2	7	7	7	7	7	4	7	7	7	7	7	1	42	3	4	1	9	10	3	2	6	5	10	4	8	7	9	1	75	1	1	1	1	1	1	1	1	1	0	0	0	1	7	1	7	7	5	1	7	7	1	1	 	25	 	4	2	1	6
157	6	1	3	5	8	2	2	0	4	2	6	9	1	3	4	3	2	4	7	7	7	7	1	1	7	1	3	2	1	25	3	1	2	8	9	1	3	4	2	10	8	5	7	9	6	29	0	0	0	0	0	0	0	0	0	0	0	1	1	7	4	7	7	3	3	6	7	1	1	 	8	 	5	2	3	5
158	5	2	5	6	9	2	3	1	1	6	14	13	1	2	2	2	2	5	6	7	6	7	3	1	5	3	3	1	1	54	3	2	4	8	7	2	1	5	6	10	4	8	3	9	7	81	1	1	1	0	0	0	1	0	0	0	0	0	1	7	1	7	7	2	6	1	7	6	2	 	0	 	4	2	4	3
159	1	1	1	8	14	2	2	0	3	2	6	7	1	3	4	3	1	6	5	5	6	5	6	4	5	5	5	5	1	32	2	3	6	8	9	3	5	2	4	10	6	1	7	9	8	39	0	1	1	0	0	0	0	1	0	0	0	0	4	5	4	7	6	7	3	6	7	5	7	 	-5	 	2	1	4	7
160	6	1	11	4	7	2	2	0	3	2	6	11	1	3	4	3	2	6	6	6	7	7	6	7	5	4	5	6	1	46	3	2	3	8	7	2	4	1	8	6	7	10	5	9	3	20	1	1	1	1	1	1	1	1	0	0	0	0	5	7	5	7	7	7	2	7	7	5	1	 	-10	 	3	2	1	 
161	3	2	3	17	19	1	2	0	3	2	10	32	1	3	4	3	3	4	6	3	6	4	3	4	3	2	5	4	1	22	3	3	2	9	8	3	1	7	4	10	2	5	6	9	8	41	1	1	1	0	1	0	0	0	0	0	0	0	3	6	5	6	5	2	3	6	6	3	6	6	0	CUT	1	1	1	5
162	6	1	7	20	17	4	3	1	1	7	33	8	1	2	2	2	2	4	7	7	5	7	4	1	1	1	7	1	1	47	2	3	10	4	7	6	3	1	4	9	7	2	5	8	10	5	0	1	1	1	0	0	0	0	0	0	0	0	1	4	4	6	7	1	7	4	5	5	6	 	-14	 	5	2	1	 
163	1	2	4	15	18	4	1	1	1	5	17	15	1	2	2	2	1	4	5	2	5	3	4	2	7	4	2	4	1	34	4	3	5	7	4	4	2	7	9	8	1	5	3	10	6	16	0	0	1	0	0	0	0	0	0	0	0	0	3	6	2	5	6	3	6	6	5	6	5	 	-2	 	3	2	1	4
164	3	1	4	4	7	2	2	0	3	2	6	7	1	3	4	3	3	6	7	7	7	6	6	4	5	1	7	5	1	22	3	3	2	6	8	1	2	4	7	10	3	8	5	9	6	50	0	0	0	0	0	0	1	0	0	0	0	0	1	7	1	7	7	7	1	6	7	1	1	 	5	 	5	2	1	4
165	1	1	3	25	39	5	1	1	1	7	32	20	0	1	1	1	 	 	 	 	 	 	 	 	 	 	 	 	1	35	1	5	5	2	8	5	2	9	4	7	3	8	6	10	1	3	0	0	0	0	0	0	0	0	0	0	0	1	1	5	1	2	4	5	2	7	3	6	2	 	-6	 	5	2	3	5
166	6	2	11	9	11	5	3	1	2	7	33	7	1	2	2	2	2	2	7	4	6	4	2	1	1	3	1	1	1	25	1	1	3	6	5	5	1	6	2	9	4	8	3	10	7	9	0	0	0	0	0	0	0	1	1	0	0	0	4	7	4	7	1	7	6	7	7	4	4	7	-10	 	3	2	1	 
167	3	2	11	11	17	3	2	1	1	6	11	18	0	1	1	1	 	 	 	 	 	 	 	 	 	 	 	 	1	33	2	4	1	8	10	3	5	9	4	7	2	8	6	10	1	31	0	0	0	1	0	0	1	0	0	0	0	0	4	7	1	7	7	7	7	7	7	4	4	 	-5	 	1	1	1	 
168	2	1	3	4	7	1	2	0	3	3	6	7	1	3	4	3	3	6	7	7	7	7	7	2	4	3	4	5	1	8	4	3	1	9	5	4	1	5	2	8	6	7	9	10	3	82	0	0	0	0	0	0	0	0	1	0	0	0	1	5	1	4	7	7	5	7	5	6	2	 	8	 	2	1	4	5
169	2	1	2	4	7	2	2	0	3	5	6	22	1	3	4	3	3	7	7	6	7	7	5	7	4	6	6	6	1	28	3	5	3	8	7	1	2	8	5	9	7	4	6	10	3	100	1	1	1	1	1	1	1	1	1	1	1	0	7	7	7	7	7	4	7	7	7	7	7	 	-3	 	1	1	1	6
170	5	1	3	16	19	4	3	1	2	5	14	22	1	2	2	2	3	4	5	4	6	5	6	5	4	5	3	1	1	43	3	5	1	8	7	4	7	5	3	10	1	8	2	9	6	15	0	1	1	1	0	0	0	0	0	0	0	0	4	3	4	6	5	6	4	6	6	5	3	 	-11	 	5	2	1	5
171	2	1	3	7	7	3	1	1	1	5	23	7	1	2	2	2	3	7	7	7	7	5	7	3	7	4	7	7	1	23	3	3	4	7	8	1	2	3	8	10	4	7	6	9	5	40	1	1	1	0	1	1	0	1	1	0	0	0	6	7	1	7	7	3	5	7	7	4	1	 	-6	 	3	2	1	5
172	6	1	11	7	7	2	2	0	4	2	12	37	1	3	4	3	1	1	1	7	1	1	1	1	1	1	1	1	1	20	4	4	3	5	6	1	4	3	5	10	7	8	6	9	2	81	0	0	0	0	0	0	0	0	0	0	0	1	2	4	1	4	7	4	4	7	6	1	1	 	-6	 	3	2	4	 
173	5	2	3	4	7	1	2	0	3	1	6	14	1	3	4	3	3	7	6	1	7	7	7	4	1	6	7	5	1	16	3	4	3	8	9	1	5	4	7	10	2	8	6	9	3	66	0	0	0	0	0	0	0	0	0	0	0	1	4	4	1	7	7	6	1	7	7	1	1	 	1	 	2	1	3	5
174	2	1	3	9	12	2	2	0	4	2	12	12	1	3	4	3	1	5	5	3	4	4	4	5	5	4	3	5	1	33	3	6	3	4	5	1	4	5	2	10	3	7	6	9	8	3	0	0	0	0	0	0	0	0	0	0	0	1	1	5	4	7	7	1	2	6	6	1	1	 	-1	 	3	2	1	5
175	2	1	3	11	17	2	2	0	4	1	9	7	1	3	4	3	1	3	7	3	3	6	6	1	2	1	6	2	1	14	3	6	5	7	6	4	1	2	6	10	5	7	3	9	8	1	1	0	1	1	0	0	0	0	0	0	0	0	1	6	2	7	7	1	7	7	7	2	2	 	-6	 	2	1	1	5
176	1	1	4	11	17	2	2	0	3	4	9	44	1	3	4	3	3	5	6	6	7	6	5	5	5	5	5	6	1	42	4	3	4	5	8	4	3	1	5	10	2	7	6	8	9	59	1	1	1	1	0	0	0	1	0	0	0	0	7	6	6	7	6	6	6	7	7	6	7	6	0	CUT	5	2	4	4
177	6	1	11	28	30	5	1	1	1	7	25	33	0	1	1	1	 	 	 	 	 	 	 	 	 	 	 	 	1	38	2	3	4	5	7	4	1	8	2	10	3	6	5	9	7	8	0	0	0	0	0	0	0	0	0	0	0	1	4	7	6	7	7	5	6	6	6	6	6	6	-7	 	4	2	1	 
178	2	1	3	15	26	2	3	1	1	7	24	18	1	2	2	2	3	4	5	4	4	4	1	4	3	5	2	5	1	28	3	1	3	8	9	2	3	8	1	7	4	10	6	9	5	61	0	1	1	0	1	0	0	1	1	0	1	0	7	7	4	5	6	5	6	5	7	6	6	 	0	CUT	1	1	4	5
179	5	1	2	28	32	2	3	1	1	7	41	26	0	1	1	1	 	 	 	 	 	 	 	 	 	 	 	 	1	46	1	5	9	1	4	1	2	7	4	10	5	6	3	9	8	19	0	1	1	0	0	0	0	0	0	0	0	0	5	4	5	5	6	6	6	5	6	4	4	 	-18	 	3	2	1	6
180	6	1	11	28	42	6	1	1	1	7	42	37	0	1	1	1	 	 	 	 	 	 	 	 	 	 	 	 	1	51	1	6	5	1	2	1	5	6	3	9	4	7	2	10	8	3	0	0	0	0	0	0	0	0	0	0	0	1	2	2	4	3	6	3	3	5	3	5	6	 	-12	 	1	1	1	 
181	6	1	2	23	28	4	1	1	1	7	12	7	1	2	2	2	3	7	7	7	7	7	4	4	7	7	7	7	1	47	3	3	7	5	6	1	3	2	5	10	4	8	9	7	6	51	0	1	1	0	0	0	0	0	1	0	0	0	7	7	7	7	7	7	7	7	7	7	4	7	-21	 	1	1	1	6
182	1	1	10	9	7	2	2	0	3	1	6	11	1	3	4	3	3	6	6	6	7	7	7	4	6	2	4	5	1	31	4	2	4	7	10	3	1	9	2	7	8	10	6	5	4	60	1	0	0	1	0	0	0	1	0	0	0	0	7	7	6	6	4	4	4	7	5	6	4	 	-15	 	1	1	1	 
183	6	1	11	22	29	2	3	1	1	5	20	11	1	2	2	2	2	4	7	7	7	7	4	3	6	4	7	5	1	48	3	4	6	7	9	5	3	4	1	10	2	9	8	6	7	30	1	1	1	0	1	0	0	0	0	0	0	0	7	7	5	7	7	7	6	5	7	6	4	 	0	CUT	3	2	3	 
184	5	1	3	7	9	2	2	0	3	2	7	12	1	3	4	3	3	5	6	6	6	5	5	4	4	3	5	5	1	29	3	3	2	9	10	1	2	3	7	5	8	9	6	10	4	40	0	0	0	0	0	0	1	0	0	0	0	0	3	5	3	5	6	5	4	6	6	3	3	 	1	 	5	2	1	5
185	1	1	1	4	7	2	2	0	3	1	6	13	1	3	4	3	1	7	5	4	3	5	7	2	5	1	5	5	1	28	3	5	2	7	9	1	3	6	10	5	7	8	9	4	2	15	0	0	0	0	0	0	0	0	0	0	0	1	1	2	1	7	7	2	5	6	5	1	1	 	8	 	1	1	1	7
186	5	1	11	20	19	2	1	1	1	7	30	21	0	1	1	1	 	 	 	 	 	 	 	 	 	 	 	 	1	38	2	4	9	5	4	3	4	5	1	9	2	6	7	10	8	10	1	1	1	0	0	0	0	0	1	1	0	0	6	6	7	7	5	7	6	4	6	5	4	 	-18	 	5	2	1	 
187	2	2	4	22	33	4	1	1	1	7	34	19	0	1	1	1	 	 	 	 	 	 	 	 	 	 	 	 	1	40	3	3	8	5	6	4	1	7	6	9	3	5	2	10	8	20	0	0	1	0	0	0	0	0	0	0	0	0	7	7	1	6	7	1	6	7	6	4	1	 	-16	 	3	2	3	4
188	1	2	2	8	7	2	2	0	3	3	6	7	1	3	4	3	3	3	4	2	5	3	6	5	2	5	3	6	1	31	3	4	7	3	6	7	1	8	6	9	2	4	3	10	5	5	1	1	1	1	1	1	1	1	1	1	0	0	1	7	1	5	7	7	7	7	7	5	4	 	-17	 	5	2	1	6
189	5	2	11	28	33	5	1	1	1	6	34	28	0	1	1	1	 	 	 	 	 	 	 	 	 	 	 	 	1	52	2	4	5	1	4	4	1	7	2	10	3	6	5	8	9	20	0	0	0	0	0	0	0	0	0	0	0	1	4	4	5	4	4	4	4	4	4	4	4	4	0	CUT	3	2	1	 
190	1	2	4	10	7	2	2	1	1	4	14	16	1	2	3	3	3	5	5	4	5	5	6	3	6	2	3	5	1	18	4	2	5	8	7	3	2	8	6	9	5	4	1	10	7	15	0	0	0	0	0	0	0	0	0	0	0	1	3	5	3	6	5	4	4	5	7	5	5	 	0	CUT	5	2	3	4
191	6	2	4	27	18	5	3	1	1	4	23	26	1	2	2	2	4	5	5	7	7	1	1	1	2	4	5	1	1	44	2	4	5	1	4	2	5	6	7	10	3	1	4	8	9	3	0	1	0	0	0	0	0	0	0	0	0	0	3	7	5	4	7	3	7	7	5	2	6	 	-12	 	3	2	1	4
192	6	2	3	28	36	5	1	1	1	7	41	37	0	1	1	1	 	 	 	 	 	 	 	 	 	 	 	 	1	48	1	4	6	2	1	5	1	6	3	9	2	7	4	10	8	20	0	0	0	0	0	0	0	0	0	0	0	1	4	4	4	5	5	4	6	6	4	6	6	6	0	CUT	3	2	1	5
193	1	2	2	4	7	2	2	0	4	2	6	7	1	3	4	3	1	7	7	6	7	6	7	7	7	7	7	7	1	36	3	4	1	8	10	10	3	4	7	9	5	2	6	8	1	81	0	0	1	0	0	0	0	0	0	0	0	0	1	5	1	7	7	7	6	7	7	5	5	 	0	CUT	1	1	1	6
194	2	2	3	16	9	2	1	0	3	3	11	7	1	3	4	3	3	6	6	6	7	4	6	3	2	3	4	5	1	38	3	2	5	8	7	5	1	4	7	9	2	3	6	10	8	28	0	1	1	0	0	0	0	0	0	0	0	0	1	7	1	7	7	5	1	7	7	2	2	 	-2	 	1	1	1	5
195	2	2	3	22	28	2	1	1	1	7	22	7	0	1	1	1	 	 	 	 	 	 	 	 	 	 	 	 	1	38	2	4	4	5	8	4	8	5	3	10	1	7	6	9	2	29	0	0	1	0	0	0	0	0	0	0	0	0	7	7	7	7	7	7	7	5	7	5	7	 	-7	 	5	2	1	5
196	2	2	5	10	7	2	3	1	1	7	18	7	1	2	2	2	3	1	7	7	7	7	1	7	7	5	7	7	1	42	3	1	6	7	4	4	1	6	3	10	2	7	5	9	8	49	1	1	1	0	0	0	0	0	0	0	0	0	1	3	1	7	7	7	7	7	7	4	7	7	10	 	4	2	1	3
197	2	2	5	9	7	3	2	1	1	6	7	7	1	2	3	3	2	4	7	5	7	7	5	4	7	3	4	4	1	19	4	4	8	3	7	5	3	1	6	8	7	4	2	9	10	60	0	0	1	0	0	0	0	0	0	0	0	0	1	3	1	4	7	7	1	7	7	1	3	4	-3	 	4	2	3	3
198	2	2	5	28	49	4	1	1	1	7	41	32	0	1	1	1	 	 	 	 	 	 	 	 	 	 	 	 	1	45	1	7	8	1	2	5	2	8	3	7	4	6	1	10	9	0	1	1	1	1	1	1	1	1	0	1	0	0	7	1	6	3	1	6	1	2	7	7	4	 	0	CUT	1	1	4	3
199	2	2	4	21	26	2	1	1	1	7	31	19	1	2	2	2	2	1	6	6	1	4	1	4	1	4	5	2	1	42	1	4	5	3	6	5	3	7	6	10	4	2	1	9	8	1	0	0	0	0	0	0	0	0	0	0	0	1	2	6	2	5	6	3	7	3	6	2	2	 	-4	 	5	2	1	4
200	1	2	10	14	7	2	2	0	3	2	12	7	1	1	1	1	2	5	7	6	7	6	3	2	2	3	4	4	1	32	2	5	5	6	7	2	1	5	7	10	3	6	4	9	8	36	1	1	0	0	0	0	0	0	0	0	0	0	1	3	2	7	6	7	4	6	7	5	3	 	0	 	4	2	1	 
201	2	2	10	12	8	2	3	1	2	4	10	7	1	2	2	2	3	7	7	6	4	7	5	1	7	4	7	6	1	11	3	2	5	4	6	6	4	9	5	10	2	3	1	8	7	5	0	0	0	0	0	0	0	0	0	0	0	1	1	4	4	5	6	4	4	6	7	4	4	1	-4	 	3	2	3	 
202	1	2	5	7	11	2	2	0	3	7	8	10	1	3	4	3	1	5	5	5	6	4	3	5	5	5	3	3	1	33	3	5	3	7	8	2	1	6	4	9	7	8	5	10	3	55	0	1	0	0	0	0	0	0	0	0	0	0	3	7	3	1	7	4	6	3	7	4	2	1	-7	 	5	2	1	3
203	2	2	4	4	7	1	2	0	4	1	6	7	1	3	4	3	2	6	7	1	7	7	7	4	7	4	1	3	1	11	3	1	4	10	9	4	2	9	6	8	7	3	5	10	1	80	0	0	0	0	0	0	0	0	1	0	1	0	1	3	1	7	7	4	7	6	6	7	3	2	0	CUT	1	1	1	4
204	1	2	5	24	37	4	1	1	1	5	25	20	1	2	2	2	2	5	5	5	7	4	4	4	4	6	1	4	1	45	2	4	6	9	7	1	2	4	9	10	5	6	3	7	8	62	0	1	1	0	0	0	0	0	0	1	0	0	5	5	6	7	7	6	7	7	7	5	5	 	0	CUT	4	2	3	3
205	1	2	8	27	33	4	1	1	1	7	42	22	1	2	2	2	3	1	1	4	6	2	6	1	6	1	2	4	1	34	2	3	10	1	2	1	3	8	4	10	5	7	2	6	9	30	0	0	0	0	0	0	0	0	0	0	0	1	7	7	5	5	5	3	3	3	4	5	4	6	-15	 	4	2	3	2
207	6	2	11	28	40	5	1	1	1	7	36	26	0	1	1	1	 	 	 	 	 	 	 	 	 	 	 	 	1	42	4	5	6	4	8	4	2	9	3	10	1	8	5	7	6	7	0	1	0	0	1	0	0	0	0	0	0	0	4	4	4	4	4	2	3	5	4	3	4	 	-3	 	5	2	1	 
208	6	2	6	17	20	2	3	0	3	2	16	15	1	3	4	3	2	5	7	6	6	6	6	1	6	1	6	1	1	48	1	2	7	3	5	6	3	7	2	10	1	4	5	9	8	21	0	1	1	0	1	0	0	0	0	0	0	0	6	5	1	7	7	6	7	5	2	7	7	 	0	CUT	5	2	1	 
209	6	2	11	28	46	5	1	1	1	7	42	43	0	1	1	1	 	 	 	 	 	 	 	 	 	 	 	 	1	53	1	5	5	7	6	7	1	2	5	10	3	4	6	9	8	21	0	0	1	0	0	0	0	0	0	0	0	0	7	7	7	7	7	7	7	7	7	7	7	 	0	CUT	1	1	1	 
210	6	2	3	14	12	3	3	1	1	4	23	24	1	2	2	2	2	6	6	6	6	6	5	6	5	6	4	6	1	40	3	4	4	7	9	3	4	1	8	10	2	7	5	9	6	82	1	1	1	0	1	0	0	1	0	0	0	0	4	5	5	7	7	5	7	6	7	3	5	 	-13	 	2	1	1	5
211	4	1	4	6	7	2	2	1	2	4	6	14	0	1	1	1	 	 	 	 	 	 	 	 	 	 	 	 	2	16	3	4	2	5	6	4	2	3	10	8	6	5	9	7	1	13	0	1	0	1	0	1	0	0	0	0	0	0	 	 	 	 	 	 	 	 	 	 	 	 	 	 	 	 	 	4
212	4	1	4	6	7	2	2	1	2	4	6	19	0	1	1	1													2	16	3	4	2	5	6	4	2	3	10	8	6	5	9	7	1	13		1		1		1							7	6	4	7	7	7	6	6	7	7	4	4						
214	4	1	3	4	7	1	2	0	3	1	6	12	1	3	4	3	1	7	7	5	4	6	5	7	1	1	4	7	1	8	3	3	1	8	9	1	2	4	8	10	3	7	6	9	5	61							1						1	7	1	7	7	2	7	6	5	1	1	4						
216	4	2	2	20	35	5	1	1	1	5	33	18	0	1	1	1													1	46	1	4	5	2	4	7	3	5	8	9	1	2	6	10	4	9										1			5	1	5	5	5	1	5	7	5	6	4	4						
229	4	2	2	16	15	2	1	1	2	6	14	12	0	1	1	1													1	20	3	5	3	8	7	6	2	3	8	5	1	9	7	10	4	59	1	1	1		1	1			1				7	7	1	7	7	7	4	7	7	7	4	7						
231	4	2	5	28	40	5	1	1	1	6	7	19	0	1	1	1													1	39	2	4	7	8	9	6	4	7	3	5	2	10	1	8	9	31	1	1											4	4	4	6	4	6	5	4	4	4	4	4						
234	6	2	4	28	45	5	1	1	1	7	41	43	0	1	1	1													1	46	2	4	6	1	2	6	5	7	1	10	4	3	2	9	8	4										1			2	3	4	5	5	1	6	4	5	2	5	4						
236	4	2	2	21	33	5	1	1	1	5	23	19	0	1	1	1													1	36	2	4	6	4	2	3	1	5	6	8	4	7	2	9	10	40		1							1				3	5	4	5	6	6	4	4	6	4	4	4						
240	3	2	2	15	12	3	1	1	1	5	22	12	1	2	2	2	3	4	7	5	6	5	6	2	5	2	5	1	1	38	2	2	5	7	8	4	1	6	8	9	5	2	3	10	7	25												1	1	7	1	6	6	1	3	6	5	3	2	4						
243	3	1	2	6	8	2	2	0	3	2	8	14	1	3	4	3	1	7	7	7	7	7	2	3	5	3	6	3	1	51	3	2	2	6	10	2	4	3	6	9	1	7	8	10	5	25	1	1					1						5	7	1	6	7	7	3	6	7	2	4	4						
251	4	2	4	8	8	1	1	1	1	6	18	12	1	2	2	2	2	7	7	7	7	7	4	1	7	4	7	1	1	38	3	7	5	10	7	5	1	3	6	4	2	9	7	10	8	50	1	1	1		1	1			1				7	7	1	7	7	7	7	7	7	7	7	4						
258	4	1	4	11	8	2	3	1	1	6	18	17	1	2	2	2	3	3	5	4	4	5	2	2	1	5	2	2	1	31	3	3	5	4	7	2	1	6	5	10	3	9	4	8	7	4												1	2	2	2	6	6	5	5	6	6	3	5	4						
259	3	1	3	13	14	2	1	1	1	5	23	12	1	2	2	2	1	3	3	3	4	4	4	4	5	2	4	4	1	43	2	6	8	4	3	1	2	3	5	10	4	7	6	8	9	5		1	1	1		1							2	3	4	7	7	5	7	7	7	2	3	4						
262	4	2	3	21	30	4	3	1	1	4	34	40	0	1	1	1													1	29	3	5	6	8	9	2	3	5	6	8	4	7	1	10	9	45	1									1	1		2	4	4	4	3	3	4	4	3	5	3	3						
268	4	2	8	8	8	2	2	0	3	2	6	12	1	3	4	3	3	3	7	3	7	6	3	1	2	1	4	7	1	28	2	3	2	6	7	1	2	3	5	9	4	7	6	10	8	33							1						7	7	1	7	7	7	6	7	7	2	1	1						
269	6	1	11	4	7	1	2	0	3	1	6	14	1	3	4	3	3	3	5	6	7	6	6	4	2	4	7	4	1	43	3	7	7	9	10	4	3	8	5	6	2	9	7	10	1	60												1	3	5	4	7	7	4	5	5	7	2	7	4						
275	4	2	4	24	29	5	1	1	1	6	34	33	0	1	1	1													1	52	1	3	5	1	4	5	1	7	4	9	3	6	2	8	10	4												1	5	5	5	5	4	2	5	5	5	2	2	4						
276	5	1	5	21	17	2	1	1	1	3	14	42	0	1	1	1													1	48	3	5	2	6	1	7	1	2	4	8	6	5	3	10	9	6												1	4	7	7	7	7	6	7	7	7	4	4	4						
281	3	2	4	20	25	4	1	1	1	6	21	28	1	2	2	2	2	3	3	6	7	7	3	1	5	4	4	1	1	45	3	3	9	3	5	1	5	7	3	10	2	6	4	8	9	17	1	1	1					1					6	6	6	6	6	6	6	6	6	6	5	6						
283	6	1	11	28	34	5	3	1	1	7	40	33	0	1	1	1													1	47	1	4	2	1	5	5	2	7	1	10	3	6	4	8	9	11			1							1			4	5	6	6	6	1	7	6	6	6	5	4						
285	6	2	11	28	47	5	1	1	1	7	41	41	0	1	1	1													1	50	1	4	6	2	1	6	3	7	5	9	1	4	2	8	10	13												1	6	6	4	5	5	7	5	4	5	7	6	6						
286	6	2	11	28	24	4	3	1	1	7	36	21	0	1	1	1													1	52	2	3	5	2	7	6	1	4	2	9	3	7	5	10	8	20			1										5	6	4	7	7	7	5	6	7	1	2	4						
287	6	1	11	4	7	2	2	0	3	1	6	12	1	3	4	3	3	7	7	7	7	7	7	1	7	1	1	7	1	25	3	5	5	8	9	2	1	6	3	9	7	5	4	10	8	18												1	1	7	3	7	7	7	7	7	7	3	7	7						
292	5	1	1	16	22	2	1	1	1	7	36	17	0	1	1	1													1	47	2	2	4	6	7	5	2	7	4	9	6	1	3	10	8	15												1	1	7	7	7	7	7	7	7	7	4	3	4						
304	6	1	11	8	9	2	2	1	1	5	8	14	1	2	3	3	3	7	7	7	4	7	7	4	7	3	7	4	1	47	1	3	5	8	7	5	4	6	1	10	7	2	3	9	8	5												1	4	7	4	7	7	7	7	7	7	4	5	4						
305	4	2	4	4	7	3	2	1	1	7	25	27	1	2	3	3	2	3	6	7	6	6	3	2	7	4	6	2	1	41	3	5	8	5	7	2	4	8	6	9	3	7	5	10	1	50												1	2	6	4	6	6	6	4	6	5	3	4	4						
306	4	1	5	28	49	5	1	1	1	7	42	54	0	1	1	1													1	50	1	6	8	2	1	6	3	7	1	8	2	5	4	10	9	3												1	7	7	2	5	4	1	5	5	4	7	7	4						
308	4	1	4	8	7	2	2	1	1	5	13	37	1	2	3	3	3	5	6	5	6	6	6	3	4	4	4	4	1	28	3	3	2	7	8	4	2	8	6	10	1	7	3	9	5	40												1	2	3	7	7	7	5	4	6	6	3	3	4						
311	5	1	4	15	24	3	3	1	2	4	12	42	0	1	1	1													1	49	2	2	3	8	7	4	1	7	2	8	5	6	3	9	10	72	1	1			1	1					1		2	2	4	6	4	6	6	5	6	4	4	4						
317	6	2	11	28	46	5	1	1	1	7	42	45	0	1	1	1													1	44	1	4	7	2	1	2	6	7	3	8	5	1	4	9	10	20												1	7	7	7	3	7	1	7	7	7	7	6	4						
321	6	1	1	28	38	6	1	1	1	5	40	49	0	1	1	1													1	54	1	4	9	2	4	7	4	10	8	9	1	3	5	2	6	8												1	3	1	4	5	4	1	5	5	5	5	4	4						
325	5	1	3	20	30	2	3	1	1	7	23	21	1	2	2	2	4	6	3	7	7	6	1	5	6	1	6	3	1	49	2	4	3	1	6	4	3	1	5	6	7	8	2	10	9	29												1	3	5	1	7	7	3	5	6	7	2	3	4						
327	5	2	3	28	40	6	1	1	1	7	42	38	0	1	1	1													1	49	1	5	6	2	1	6	1	7	3	10	4	5	2	9	8	22	1	1	1	1	1	1	1	1	1				6	7	5	4	6	5	7	7	4	4	7	7						
333	2	1	5	11	12	2	2	1	1	6	8	47	1	2	3	3	1	1	1	1	7	5	1	1	1	1	7	4	1	25	3	3	10	9	8	1	2	3	5	10	6	4	7	9	8	33	1												1	7	4	7	7	1	7	7	7	1	7	1						
335	5	1	8	24	37	5	1	1	1	7	39	15	0	1	1	1													1	54	2	3	9	2	3	1	2	4	3	8	5	10	6	7	9	19		1							1				7	7	7	5	7	7	5	7	7	7	3	4						
337	5	2	3	26	23	5	1	1	1	4	20	14	0	1	1	1													1	56	2	5	8	2	6	2	1	3	8	10	5	6	4	7	9	29		1		1					1				7	7	7	7	7	7	7	7	7	5	7	7						
343	6	2	11	28	48	5	1	1	1	7	39	46	0	1	1	1													1	56	1	7	6	2	1	3	6	7	5	8	2	4	1	10	9	10												1	5	5	5	6	7	4	5	6	6	6	5	4						
344	6	2	11	28	46	5	1	1	1	7	42	44	0	1	1	1													1	56	2	3	5	2	10	4	5	6	2	9	3	7	1	8	10	22												1	6	6	6	6	6	6	6	7	6	7	6	6						
353	6	2	11	28	34	5	1	1	1	7	40	36	0	1	1	1													1	53	1	2	6	1	3	3	7	5	6	10	4	2	1	8	9	10												1	6	6	1	2	1	6	3	3	4	5	4	4						
354	6	2	7	28	44	5	1	1	1	7	40	45	0	1	1	1													1	46	1	6	10	3	2	7	4	9	3	6	2	10	1	8	5	20					1				1				6	7	6	6	6	6	7	7	6	6	6	4						
355	6	2	11	28	38	5	1	1	1	7	39	36	0	1	1	1													1	39	3	4	9	5	6	2	4	3	1	10	7	5	6	9	8	50		1											4	7	4	6	4	4	4	4	4	4	4	4						
358	6	2	5	27	49	5	1	1	1	7	42	36	0	1	1	1													1	56	2	4	5	1	9	7	6	9	5	10	4	2	1	3	8	19												1	3	6	4	5	7	5	6	7	5	4	3	4						
359	6	1	11	19	21	4	1	1	1	2	22	25	0	1	1	1													1	40	2	3	6	5	4	3	1	10	2	5	4	8	7	9	6	30	1	1			1				1				3	6	5	6	7	4	4	6	7	3	2	4						
361	6	1	11	28	40	5	1	1	1	7	41	36	0	1	1	1													1	50	1	6	6	1	4	5	1	7	3	8	4	6	2	9	10	5	1	1	1	1	1	1	1	1	1	1	1		4	6	6	4	6	2	6	4	3	5	7	4						
